[[[168 162 165]
  [169 163 165]
  [170 164 165]
  ...
  [ 75  68  84]
  [ 76  70  89]
  [ 65  62  82]]

 [[167 163 167]
  [168 164 166]
  [169 167 167]
  ...
  [ 70  62  79]
  [ 68  62  81]
  [ 70  67  87]]

 [[168 164 168]
  [168 164 166]
  [169 167 167]
  ...
  [ 73  65  82]
  [ 67  60  79]
  [ 68  61  82]]

 ...

 [[169 169 169]
  [169 169 169]
  [169 169 169]
  ...
  [ 66  56 101]
  [ 67  57 102]
  [ 67  57 102]]

 [[169 169 169]
  [169 169 169]
  [170 170 170]
  ...
  [ 66  55 102]
  [ 66  55 102]
  [ 67  56 103]]

 [[169 169 169]
  [169 169 169]
  [169 169 169]
  ...
  [ 67  56 103]
  [ 67  56 104]
  [ 68  57 106]]]::::[]::::(480, 640, 3)